Variable,VIP,group.a.mean,group.b.mean,p.value,p.adj
V5_D,2.51,4.29,-3.43,0,2.1e-4
V2_D,2.37,4.34,-6.57,3e-5,0.00093000000000000005
V3_D,2.3,6.22,-4.49,6e-5,0.00114
V4_D,2.16,4.99,-4.72,3e-4,0.00411
V1_D,1.99,4.31,-2.93,0.00144,0.01588
V35,1.41,2.25,-1.33,0.03669,0.30382
V50,1.38,-2.48,1.3,0.03867,0.30382
V34,1.3,1.48,-1.96,0.05407,0.37174
V6,1.3,-3.39,0.21,0.08827,0.48549
V29,1.2,1.85,-0.9,0.07651,0.46757
V39,0.96,-2.5,0.2,0.20789,0.70154
V20,0.95,0.73,-1.79,0.21365,0.70154
V14,0.92,1.79,-0.77,0.19983,0.70154
V16,0.91,-1.43,1.13,0.35967,0.70154
V21,0.88,0.76,-1.98,0.23091,0.70154
V25,0.87,-2.42,-0.61,0.25547,0.70154
V31,0.87,0.97,-1.88,0.21109,0.70154
V15,0.86,2.7,0.37,0.22083,0.70154
V37,0.86,0.1,-1.88,0.22122,0.70154
V8,0.86,-0.38,1.8,0.2878,0.70154
V19,0.84,1.36,0.96,0.86711,0.95166
V1,0.84,-0.19,2.2,0.23014,0.70154
V4,0.83,0.57,1,0.84605,0.95166
V11,0.81,-1.01,0.18,0.51501,0.73184
V48,0.78,0.69,-0.7,0.26963,0.70154
V27,0.77,0.08,-1.71,0.28163,0.70154
V26,0.76,-1.63,0.15,0.31681,0.70154
V17,0.74,1.92,0.41,0.38075,0.70154
V36,0.74,-0.4,-1.93,0.40969,0.70154
V18,0.69,0.83,-0.84,0.41181,0.70154
V3,0.68,1.11,0.83,0.89515,0.95166
V5,0.68,0.11,1.21,0.35857,0.70154
V43,0.67,-0.06,-1.85,0.41838,0.70154
V42,0.66,-1.3,-0.08,0.41729,0.70154
V32,0.65,-1.38,0.29,0.40398,0.70154
V45,0.59,1.29,-0.4,0.40145,0.70154
V10,0.58,-1.68,-0.34,0.42093,0.70154
V30,0.57,-0.32,0.77,0.51894,0.73184
V46,0.56,-0.6,0.81,0.49252,0.73184
V41,0.56,-1.47,-0.14,0.4487,0.72584
V44,0.54,-0.76,-0.35,0.86775,0.95166
V47,0.53,1.3,0.13,0.46227,0.72643
V24,0.49,0.29,-0.81,0.49206,0.73184
V22,0.48,0.36,-0.06,0.81672,0.95166
V49,0.46,0.68,0.53,0.94173,0.95726
V12,0.45,0.2,-1.05,0.54439,0.74854
V2,0.43,-0.58,-0.69,0.95726,0.95726
V9,0.42,-0.06,0.78,0.60077,0.78672
V13,0.41,-0.36,0.74,0.57463,0.77085
V33,0.33,-0.01,0.83,0.64361,0.82323
V23,0.32,-0.53,-0.32,0.89762,0.95166
V28,0.27,0.22,-0.13,0.85835,0.95166
V40,0.25,0.53,0.28,0.89975,0.95166
V38,0.25,-0.74,-0.26,0.79783,0.95166
V7,0.12,-0.18,-0.26,0.95626,0.95726
