	Species	Organ	Time	C1	C2	C3	C4	C5	C6	C7	C8	C9	C10	C11	C12	C13	C14	C15	C16	C17	C18	C19	C20	C21	C22	C23	C24	C25	C26	C27	C28	C29	C30	C31	C32	C33	C34	C35	C36	C37	C38	C39	C40	C41	C42	C43	C44	C45	C46	C47	C48	C49	C50	C51	C52	C53	C54	C55	C56	C57	C58	C59	C60	C61	C62	C63	C64	C65	C66	C67	C68	C69	C70
sample1	F.nota	Fig	Morning	0.000	0.000	1.714	1.226	1.876	0.000	0.000	0.000	0.000	0.000	4.370	0.000	0.000	5.001	0.000	0.000	0.000	1.795	0.000	0.000	0.000	0.000	0.000	0.000	0.000	0.000	0.000	0.000	0.000	0.000	0.000	0.000	0.000	0.000	0.000	0.000	0.000	0.000	0.000	0.000	0.000	0.000	0.000	0.000	1.066	2.302	1.477	0.000	12.710	12.518	0.000	0.000	24.266	1.756	18.333	3.223	0.000	0.000	0.000	2.582	0.000	0.000	0.000	0.207	3.577	0.000	0.000	0.000	0.000	0.000
sample2	F.nota	Fig	Morning	39.214	0.000	0.869	0.732	1.749	0.000	0.000	0.000	0.000	0.000	28.779	0.000	0.529	1.266	0.000	0.000	0.000	1.115	0.000	0.000	0.000	0.000	0.000	0.000	0.000	0.000	0.000	0.000	0.000	0.000	0.000	0.000	0.000	0.000	0.588	0.000	0.000	0.000	0.000	0.577	0.000	0.000	0.000	0.000	0.000	0.419	0.000	0.000	6.401	2.859	0.000	0.000	7.319	0.000	4.685	0.000	0.796	0.000	0.000	0.824	0.000	0.000	0.000	0.000	1.280	0.000	0.000	0.000	0.000	0.000
sample3	F.nota	Fig	Morning	2.105	0.000	2.971	0.000	0.364	0.000	0.832	0.000	0.000	0.000	0.000	0.250	43.689	0.000	0.000	0.000	0.000	0.000	0.304	0.000	40.560	0.454	0.000	0.000	0.000	0.000	0.000	0.585	0.000	0.681	0.000	0.000	1.047	0.000	0.000	0.000	0.000	0.000	0.000	0.000	0.000	0.000	0.000	0.000	0.000	1.814	0.303	0.000	1.264	0.789	0.000	0.387	0.993	0.000	0.609	0.000	0.000	0.000	0.000	0.000	0.000	0.000	0.000	0.000	0.000	0.000	0.000	0.000	0.000	0.000
sample4	F.nota	Fig	Morning	17.823	0.000	0.000	6.676	1.328	0.000	0.000	0.000	0.000	0.000	67.268	0.000	0.000	0.000	0.000	1.191	0.000	0.000	0.000	0.000	0.000	0.000	0.000	0.000	0.000	0.000	0.000	0.000	0.000	0.000	0.000	0.000	0.000	0.000	1.983	0.000	0.000	0.000	0.000	0.000	0.000	0.000	0.000	0.000	0.000	0.000	0.000	0.000	0.233	0.000	0.000	0.404	1.211	0.702	0.000	1.181	0.000	0.000	0.000	0.000	0.000	0.000	0.000	0.000	0.000	0.000	0.000	0.000	0.000	0.000
sample5	F.nota	Fig	Morning	10.196	0.631	3.397	1.070	12.822	0.000	0.000	0.602	1.805	0.000	19.386	0.000	0.000	2.238	0.678	0.000	23.641	0.000	0.000	0.000	0.000	0.000	0.000	0.000	0.000	0.000	0.000	0.000	2.880	0.000	0.786	0.596	0.447	0.501	0.000	0.000	0.000	0.000	0.000	0.000	0.211	0.000	0.000	0.000	0.243	0.719	0.230	0.000	3.521	2.212	0.000	0.000	5.959	0.000	3.140	0.000	0.251	0.000	0.000	0.618	0.185	0.000	0.000	0.017	1.019	0.000	0.000	0.000	0.000	0.000
sample6	F.nota	Fig	Noon	2.970	0.940	5.622	0.000	29.399	1.357	0.000	1.680	0.000	0.272	1.890	0.402	0.000	8.778	1.786	0.000	23.650	0.000	0.690	0.460	0.000	0.516	0.000	0.000	0.000	0.000	0.000	0.928	0.000	1.145	0.000	0.218	1.311	0.000	0.000	0.000	0.000	0.000	0.000	0.000	0.000	0.000	0.000	0.146	0.291	1.126	0.344	0.057	2.188	1.960	0.000	0.621	3.291	0.340	2.970	0.648	0.226	0.000	0.000	1.252	0.000	0.000	0.000	0.000	0.525	0.000	0.000	0.000	0.000	0.000
sample7	F.nota	Fig	Noon	1.344	1.950	3.995	0.124	20.543	2.551	0.000	1.087	0.000	0.680	3.390	1.130	1.329	8.802	1.734	0.000	42.872	0.000	1.020	0.297	0.000	0.361	0.181	0.000	0.196	0.000	0.000	0.165	0.000	0.090	0.342	0.245	2.205	0.048	0.000	0.000	0.000	0.303	0.000	0.046	0.000	0.000	0.000	0.000	0.002	0.178	0.000	0.000	0.660	0.338	0.000	0.000	0.891	0.000	0.568	0.036	0.056	0.000	0.000	0.081	0.000	0.000	0.000	0.000	0.161	0.000	0.000	0.000	0.000	0.000
sample8	F.nota	Fig	Noon	0.276	0.972	3.066	0.000	22.094	0.917	0.000	2.219	0.000	0.303	0.000	2.157	0.000	10.322	4.290	0.000	41.422	0.000	1.242	0.225	0.000	0.220	0.220	0.270	0.540	0.000	0.000	0.457	0.000	0.000	0.815	0.979	3.917	0.205	0.018	0.000	0.000	0.257	0.000	0.000	0.000	0.000	0.000	0.000	0.000	0.131	0.020	0.020	0.396	0.252	0.000	0.672	0.672	0.000	0.391	0.000	0.000	0.042	0.000	0.000	0.000	0.000	0.000	0.000	0.000	0.000	0.000	0.000	0.000	0.000
sample9	F.nota	Fig	Noon	0.000	0.000	4.701	11.600	26.556	0.000	0.000	0.000	0.000	0.000	30.286	0.000	0.000	12.757	0.000	0.000	1.696	0.000	0.000	0.000	0.000	0.000	0.000	0.000	0.000	0.000	0.000	0.000	0.000	2.457	0.000	0.000	0.000	0.000	0.540	0.000	0.000	0.000	0.000	0.000	0.000	0.000	0.000	0.000	0.616	1.873	0.000	0.000	0.922	0.000	0.000	2.977	1.488	0.627	0.000	0.903	0.000	0.000	0.000	0.000	0.000	0.000	0.000	0.000	0.000	0.000	0.000	0.000	0.000	0.000
sample10	F.nota	Fig	Noon	0.000	0.680	2.279	0.296	13.643	0.391	0.000	1.929	0.000	0.245	4.884	1.221	1.904	3.053	2.386	0.000	43.585	0.000	0.514	0.715	0.000	0.202	0.202	0.181	0.363	0.000	0.000	0.156	0.000	0.034	0.984	0.479	0.431	0.176	0.000	0.000	0.000	0.146	0.141	0.000	0.000	0.000	0.000	0.000	0.155	0.559	0.293	0.000	3.475	2.075	0.000	0.672	4.703	0.233	3.069	0.257	0.465	0.000	0.000	1.401	0.349	0.000	0.000	0.260	0.814	0.000	0.000	0.000	0.000	0.000
sample11	F.nota	Leaf	Morning	74.764	0.000	0.000	0.000	0.000	0.000	0.000	0.000	2.682	0.000	0.000	0.000	0.000	0.000	0.000	0.000	0.000	0.000	0.000	0.000	0.000	0.000	0.000	0.000	0.000	0.000	0.000	0.000	0.000	0.000	0.000	0.000	0.000	0.000	0.000	0.000	0.000	0.000	0.000	0.000	0.000	0.000	0.000	0.000	22.555	0.000	0.000	0.000	0.000	0.000	0.000	0.000	0.000	0.000	0.000	0.000	0.000	0.000	0.000	0.000	0.000	0.000	0.000	0.000	0.000	0.000	0.000	0.000	0.000	0.000
sample12	F.nota	Leaf	Morning	0.000	0.000	15.968	0.000	0.000	0.000	0.000	0.000	0.000	0.000	0.000	0.000	0.000	0.000	0.000	0.000	0.000	0.000	0.000	0.000	0.000	0.000	0.000	0.000	0.000	0.000	0.000	0.000	0.000	0.000	0.000	0.000	0.000	0.000	0.000	0.000	0.000	0.000	0.000	0.000	0.000	0.000	0.000	0.000	0.000	75.110	0.000	0.000	0.000	0.000	0.000	8.923	0.000	0.000	0.000	0.000	0.000	0.000	0.000	0.000	0.000	0.000	0.000	0.000	0.000	0.000	0.000	0.000	0.000	0.000
sample13	F.nota	Leaf	Morning	12.043	0.000	5.974	0.000	0.000	0.000	0.000	0.000	0.000	0.000	0.000	0.000	0.000	0.000	0.000	0.000	26.923	0.000	0.000	0.000	8.035	8.035	0.000	0.000	0.000	0.000	0.000	0.000	0.000	0.000	0.000	0.000	0.000	0.000	0.000	0.000	0.000	0.000	0.000	0.000	0.000	0.000	0.000	0.000	0.000	32.130	0.000	0.000	0.000	0.000	0.000	6.860	0.000	0.000	0.000	0.000	0.000	0.000	0.000	0.000	0.000	0.000	0.000	0.000	0.000	0.000	0.000	0.000	0.000	0.000
sample14	F.nota	Leaf	Morning	0.000	0.000	0.000	0.000	0.000	0.000	51.202	0.000	0.000	0.000	0.000	0.000	0.000	0.000	0.000	0.000	0.000	0.000	0.000	0.000	0.000	0.000	0.000	0.000	0.000	0.000	0.000	0.000	0.000	48.135	0.000	0.000	0.000	0.000	0.000	0.000	0.000	0.000	0.000	0.000	0.000	0.000	0.000	0.000	0.000	0.000	0.000	0.000	0.000	0.000	0.000	0.663	0.000	0.000	0.000	0.000	0.000	0.000	0.000	0.000	0.000	0.000	0.000	0.000	0.000	0.000	0.000	0.000	0.000	0.000
sample15	F.nota	Leaf	Morning	74.608	0.000	0.000	0.000	0.000	0.000	0.000	0.000	17.486	0.000	0.000	0.000	0.000	0.000	0.000	0.000	2.471	0.000	0.000	0.000	0.959	0.000	0.000	0.000	0.000	0.000	0.000	0.000	0.000	3.940	0.210	0.073	0.073	0.000	0.000	0.000	0.000	0.000	0.000	0.000	0.000	0.000	0.000	0.000	0.000	0.180	0.000	0.000	0.000	0.000	0.000	0.000	0.000	0.000	0.000	0.000	0.000	0.000	0.000	0.000	0.000	0.000	0.000	0.000	0.000	0.000	0.000	0.000	0.000	0.000
sample16	F.nota	Leaf	Noon	0.000	0.000	0.000	0.000	0.000	0.000	0.000	1.473	0.000	0.000	0.000	0.000	0.000	0.000	3.354	0.000	28.375	0.000	0.000	0.000	0.000	1.164	0.000	0.000	0.000	4.196	0.000	0.000	0.000	57.127	0.000	1.000	1.000	0.715	0.000	0.000	0.000	0.000	0.000	0.000	0.000	0.000	0.000	0.000	0.000	0.528	0.000	0.000	0.000	0.000	0.000	1.067	0.000	0.000	0.000	0.000	0.000	0.000	0.000	0.000	0.000	0.000	0.000	0.000	0.000	0.000	0.000	0.000	0.000	0.000
sample17	F.nota	Leaf	Noon	16.869	0.000	0.000	0.000	0.000	0.000	0.000	0.000	0.000	0.000	0.000	0.000	31.963	0.000	0.000	0.000	21.702	0.000	0.000	0.000	3.499	3.499	0.000	0.000	0.000	0.000	0.000	0.164	0.000	17.177	0.000	0.000	0.000	0.000	0.000	0.000	0.000	0.000	0.000	0.000	0.000	0.000	0.000	0.000	0.000	5.127	0.000	0.000	0.000	0.000	0.000	0.000	0.000	0.000	0.000	0.000	0.000	0.000	0.000	0.000	0.000	0.000	0.000	0.000	0.000	0.000	0.000	0.000	0.000	0.000
sample18	F.nota	Leaf	Noon	0.342	0.000	0.308	0.000	2.773	0.000	0.000	1.762	0.000	0.000	0.000	0.000	0.000	0.000	5.026	0.000	73.988	0.000	0.000	0.000	0.000	0.072	0.000	0.000	0.000	0.795	0.000	1.197	0.000	5.479	0.378	2.310	2.310	0.618	0.000	0.000	0.000	0.000	0.000	0.000	0.000	0.000	0.000	0.000	0.000	1.698	0.000	0.000	0.000	0.000	0.000	0.756	0.000	0.000	0.000	0.000	0.000	0.000	0.187	0.000	0.000	0.000	0.000	0.000	0.000	0.000	0.000	0.000	0.000	0.000
sample19	F.nota	Leaf	Noon	0.000	0.000	0.000	0.000	0.000	0.000	0.000	0.000	0.000	0.000	0.000	0.000	0.000	0.000	0.000	0.000	19.724	0.000	0.000	0.000	0.000	0.000	0.000	0.000	0.000	0.000	0.000	0.000	0.000	80.276	0.000	0.000	0.000	0.000	0.000	0.000	0.000	0.000	0.000	0.000	0.000	0.000	0.000	0.000	0.000	0.000	0.000	0.000	0.000	0.000	0.000	0.000	0.000	0.000	0.000	0.000	0.000	0.000	0.000	0.000	0.000	0.000	0.000	0.000	0.000	0.000	0.000	0.000	0.000	0.000
sample20	F.nota	Leaf	Noon	0.000	0.000	0.000	0.000	0.000	0.000	0.000	0.000	0.000	0.000	0.000	0.000	0.000	0.000	0.000	0.000	15.499	0.000	0.000	0.000	0.000	0.000	0.000	0.000	0.000	0.000	0.000	0.000	0.000	84.501	0.000	0.000	0.000	0.000	0.000	0.000	0.000	0.000	0.000	0.000	0.000	0.000	0.000	0.000	0.000	0.000	0.000	0.000	0.000	0.000	0.000	0.000	0.000	0.000	0.000	0.000	0.000	0.000	0.000	0.000	0.000	0.000	0.000	0.000	0.000	0.000	0.000	0.000	0.000	0.000
sample21	F.septica	Fig	Morning	29.709	0.000	0.000	0.000	0.000	0.000	0.000	0.000	6.446	0.000	0.000	0.000	0.000	0.000	0.000	6.798	0.000	0.000	0.000	0.000	0.114	0.013	0.000	0.000	0.000	0.000	0.000	0.302	27.288	0.000	0.000	0.000	0.000	0.000	0.000	0.000	0.000	0.000	0.000	0.000	0.000	2.423	2.723	0.000	0.000	6.967	0.000	0.000	0.000	0.000	0.000	15.361	0.000	0.000	0.000	0.000	0.000	1.856	0.000	0.000	0.000	0.000	0.000	0.000	0.000	0.000	0.000	0.000	0.000	0.000
sample22	F.septica	Fig	Morning	44.161	0.000	0.148	0.000	0.000	0.000	0.000	0.000	0.000	0.000	0.000	0.000	13.580	0.000	0.000	0.000	0.000	0.000	0.000	0.000	0.901	0.000	0.000	0.000	0.000	0.000	0.000	0.000	3.614	0.000	0.000	0.000	0.000	0.000	0.000	0.000	0.000	0.000	0.000	0.000	0.000	2.966	0.267	0.000	0.000	9.855	0.000	1.223	0.000	0.000	0.000	16.564	0.000	0.000	0.969	0.000	0.000	2.169	0.000	0.000	0.000	0.000	0.000	0.000	0.000	1.869	0.000	1.372	0.171	0.171
sample23	F.septica	Fig	Morning	49.655	0.000	1.379	0.000	0.000	0.000	0.210	0.210	0.420	0.000	0.000	0.000	32.663	0.000	0.000	0.000	2.929	0.000	0.000	0.000	0.000	3.776	0.000	0.000	0.000	0.000	0.000	2.050	0.000	0.000	0.000	0.000	0.000	0.000	0.000	0.000	0.000	0.000	0.000	0.000	0.000	0.000	0.000	0.000	0.000	0.887	0.000	0.000	0.000	0.801	0.000	3.195	0.000	0.000	0.459	0.000	0.000	0.559	0.808	0.000	0.000	0.000	0.000	0.000	0.000	0.000	0.000	0.000	0.000	0.000
sample24	F.septica	Fig	Morning	48.498	0.000	5.666	0.000	0.000	0.000	0.000	0.000	0.000	0.000	0.000	0.000	0.000	11.082	0.000	0.000	16.146	0.000	0.000	0.000	0.000	0.000	0.000	0.000	0.000	0.000	0.000	5.685	0.000	0.000	0.000	0.000	0.000	0.000	0.000	0.000	0.000	0.000	0.000	0.000	0.000	0.000	0.000	0.000	0.000	0.000	0.000	0.000	0.000	1.554	1.554	0.000	0.000	0.000	0.000	0.000	0.000	0.000	0.000	0.000	0.000	9.815	0.000	0.000	0.000	0.000	0.000	0.000	0.000	0.000
sample25	F.septica	Fig	Morning	39.633	0.000	4.872	0.000	8.903	0.000	0.000	0.000	0.000	0.000	0.000	0.000	0.000	0.000	0.000	0.000	15.661	0.000	0.000	0.000	0.000	0.000	0.000	0.000	0.000	0.000	0.000	14.642	0.000	0.000	0.000	0.000	0.000	0.000	0.000	0.000	0.000	0.000	0.000	0.000	0.000	0.000	0.000	0.000	0.000	9.453	0.000	0.000	0.000	0.000	0.000	1.559	0.000	0.000	0.000	0.000	0.000	0.000	5.276	0.000	0.000	0.000	0.000	0.000	0.000	0.000	0.000	0.000	0.000	0.000
sample26	F.septica	Fig	Noon	0.289	0.000	0.143	0.000	0.758	0.451	0.000	1.470	1.470	0.000	0.000	0.000	0.000	0.413	3.658	0.000	79.321	0.000	0.098	0.493	0.000	0.018	0.163	0.000	0.249	0.249	0.000	0.000	0.000	2.611	0.735	2.755	2.755	0.276	0.000	0.106	0.000	0.000	0.000	0.000	0.000	0.000	0.000	0.012	0.000	0.239	0.000	0.068	0.000	0.000	0.000	0.943	0.000	0.000	0.035	0.000	0.000	0.152	0.000	0.000	0.000	0.045	0.027	0.000	0.000	0.000	0.000	0.000	0.000	0.000
sample27	F.septica	Fig	Noon	13.621	0.000	0.000	0.000	0.728	0.000	0.000	0.000	0.000	0.000	0.000	0.000	0.000	0.000	6.175	0.000	22.324	0.000	0.000	0.000	0.000	0.000	0.000	0.000	0.000	0.000	0.000	7.603	0.242	13.555	0.000	0.650	0.650	0.000	0.000	0.000	0.000	0.000	0.000	0.000	0.000	0.000	0.000	0.000	0.000	7.981	0.000	0.608	0.000	0.556	0.062	16.899	0.000	0.000	1.140	0.000	0.000	1.924	0.000	0.000	0.000	0.000	1.249	2.143	0.000	0.000	0.000	1.416	0.472	0.000
sample28	F.septica	Fig	Noon	3.620	0.000	0.432	0.000	3.127	0.547	0.000	3.795	0.000	0.000	0.000	0.000	1.810	0.000	3.890	0.000	69.041	0.000	0.000	0.000	0.000	0.000	0.110	0.000	0.222	0.555	0.179	0.266	0.000	3.191	1.084	1.622	4.865	0.000	0.000	0.205	0.000	0.000	0.039	0.000	0.000	0.000	0.000	0.000	0.000	0.187	0.000	0.171	0.000	0.077	0.026	0.625	0.000	0.000	0.041	0.000	0.000	0.100	0.080	0.000	0.000	0.000	0.074	0.000	0.019	0.000	0.000	0.000	0.000	0.000
sample29	F.septica	Fig	Noon	0.000	0.000	0.703	0.000	3.971	1.250	0.000	3.032	0.000	0.000	0.000	0.000	0.892	0.000	6.966	0.000	68.653	0.000	0.000	0.839	0.000	0.049	0.049	0.046	0.046	0.137	0.046	1.709	0.000	1.169	1.018	3.466	3.466	1.478	0.000	0.000	0.201	0.000	0.000	0.000	0.000	0.000	0.000	0.000	0.000	0.177	0.000	0.000	0.000	0.059	0.000	0.149	0.000	0.000	0.000	0.000	0.000	0.070	0.000	0.000	0.000	0.191	0.000	0.062	0.000	0.000	0.108	0.000	0.000	0.000
sample30	F.septica	Fig	Noon	0.383	0.164	2.047	0.000	11.070	0.766	0.000	1.482	0.000	0.042	0.000	0.000	0.203	3.852	3.973	0.000	68.090	0.000	0.121	0.311	0.000	0.122	0.122	0.322	0.322	0.000	0.000	0.301	0.091	0.091	0.517	0.385	3.463	0.241	0.000	0.066	0.195	0.000	0.623	0.000	0.034	0.000	0.000	0.000	0.029	0.156	0.000	0.000	0.000	0.000	0.000	0.046	0.000	0.000	0.000	0.000	0.000	0.011	0.032	0.000	0.000	0.042	0.000	0.000	0.000	0.000	0.208	0.007	0.067	0.000
sample31	F.septica	Leaf	Morning	0.000	0.000	0.000	0.000	0.000	0.000	0.000	0.000	0.000	0.000	0.000	0.000	0.000	0.000	0.000	0.000	0.000	0.000	0.000	0.000	0.000	0.000	0.000	0.000	0.000	0.000	0.000	0.000	0.000	0.000	0.000	0.000	0.000	0.000	0.000	0.000	0.000	0.000	0.000	0.000	0.000	0.000	0.000	0.000	0.000	0.000	0.000	0.000	0.000	0.000	0.000	100.000	0.000	0.000	0.000	0.000	0.000	0.000	0.000	0.000	0.000	0.000	0.000	0.000	0.000	0.000	0.000	0.000	0.000	0.000
sample32	F.septica	Leaf	Morning	17.777	0.000	1.112	0.000	0.000	0.000	0.000	0.000	0.000	0.000	0.000	0.000	21.941	0.000	0.000	0.000	0.000	0.000	0.000	0.000	0.000	0.000	0.000	0.000	0.000	0.000	0.000	0.000	0.000	0.000	0.000	0.000	0.000	0.000	0.000	0.000	0.000	0.000	0.000	0.000	0.000	0.000	0.000	0.000	0.000	8.588	0.000	0.000	0.000	0.000	0.000	32.526	0.000	0.000	0.000	0.000	0.000	5.025	0.000	0.000	0.000	0.000	0.000	0.000	0.000	13.030	0.000	0.000	0.000	0.000
sample33	F.septica	Leaf	Morning	53.398	0.000	0.000	0.000	0.000	0.000	0.000	0.000	0.000	0.000	0.000	0.000	0.000	0.000	0.000	0.000	0.000	0.000	0.000	0.000	0.000	6.432	0.000	0.000	0.000	0.000	0.000	11.290	0.000	16.561	0.000	0.000	0.000	0.000	0.000	0.000	0.000	0.000	0.000	0.000	0.000	0.000	0.000	0.000	0.000	3.237	0.000	0.000	0.000	0.000	0.000	9.082	0.000	0.000	0.000	0.000	0.000	0.000	0.000	0.000	0.000	0.000	0.000	0.000	0.000	0.000	0.000	0.000	0.000	0.000
sample34	F.septica	Leaf	Morning	29.618	0.000	0.000	0.000	0.000	0.000	0.000	0.000	0.000	0.000	0.000	0.000	0.000	0.000	0.000	0.000	0.314	0.000	0.000	0.000	0.000	0.000	0.000	0.000	0.000	0.000	0.000	0.000	0.000	0.000	0.000	0.000	0.000	0.000	0.000	0.000	0.000	0.000	0.000	0.000	0.000	0.000	0.000	0.000	0.000	0.000	0.000	0.000	0.000	2.789	2.789	0.000	0.000	0.000	0.000	0.000	0.000	0.000	0.000	0.000	0.000	61.802	0.000	0.000	0.000	0.000	0.000	0.000	0.000	2.687
sample35	F.septica	Leaf	Morning	96.202	0.000	0.000	0.000	0.000	0.000	0.000	0.000	0.000	0.000	0.000	0.000	0.000	0.000	0.000	0.000	0.000	0.000	0.000	0.000	0.000	0.000	0.000	0.000	0.000	0.000	0.000	0.000	0.000	0.000	0.000	0.000	0.000	0.000	0.000	0.000	0.000	0.000	0.000	0.000	0.000	0.000	0.000	0.000	0.000	0.000	0.000	0.000	0.000	0.000	0.000	3.798	0.000	0.000	0.000	0.000	0.000	0.000	0.000	0.000	0.000	0.000	0.000	0.000	0.000	0.000	0.000	0.000	0.000	0.000
sample36	F.septica	Leaf	Noon	0.000	0.000	1.019	0.000	0.000	0.000	0.561	0.000	0.000	0.000	0.000	0.000	51.503	0.000	0.000	0.000	0.000	0.000	0.000	7.765	0.000	2.249	0.000	0.000	0.000	4.221	0.000	0.000	0.000	18.905	0.000	0.000	0.000	0.000	0.000	0.000	0.000	0.000	0.000	0.000	0.000	0.000	0.000	0.000	0.000	0.741	0.000	0.000	0.000	0.000	0.000	10.926	0.000	0.000	0.000	0.000	0.000	2.108	0.000	0.000	0.000	0.000	0.000	0.000	0.000	0.000	0.000	0.000	0.000	0.000
sample37	F.septica	Leaf	Noon	0.754	0.000	0.000	0.000	0.000	0.000	0.000	0.000	0.000	0.000	0.000	0.000	0.000	0.000	11.911	0.000	32.240	0.000	0.000	0.000	0.000	0.000	0.000	0.000	0.000	7.892	0.000	11.467	0.000	17.743	0.000	0.881	0.881	0.000	0.000	0.000	0.000	0.000	0.000	0.000	0.000	0.000	0.000	0.000	0.129	2.446	0.000	0.000	0.000	0.000	0.000	11.842	0.000	0.000	0.000	0.000	0.000	1.438	0.000	0.000	0.000	0.000	0.375	0.000	0.000	0.000	0.000	0.000	0.000	0.000
sample38	F.septica	Leaf	Noon	1.490	0.000	0.000	0.000	0.000	0.000	0.000	3.402	0.000	0.000	0.000	0.000	0.000	0.000	0.000	0.000	19.778	0.000	0.000	0.000	0.000	0.000	0.000	0.000	0.000	16.647	0.000	2.215	0.000	47.905	1.525	0.937	0.937	0.000	0.000	0.000	0.000	0.000	0.000	0.000	0.000	0.000	0.000	0.000	0.000	0.000	0.000	0.000	0.000	0.000	0.000	5.164	0.000	0.000	0.000	0.000	0.000	0.000	0.000	0.000	0.000	0.000	0.000	0.000	0.000	0.000	0.000	0.000	0.000	0.000
sample39	F.septica	Leaf	Noon	0.000	0.000	0.000	0.000	0.000	0.000	0.000	8.178	0.000	0.000	0.000	0.000	15.237	0.000	6.396	0.000	36.009	0.000	0.000	0.000	0.000	1.760	0.000	0.000	1.603	4.810	0.000	0.000	0.000	15.896	0.000	2.302	2.302	0.000	0.000	0.000	0.000	0.000	0.000	0.000	0.000	0.000	0.000	0.000	0.000	3.083	0.000	0.000	0.000	0.000	0.000	2.423	0.000	0.000	0.000	0.000	0.000	0.000	0.000	0.000	0.000	0.000	0.000	0.000	0.000	0.000	0.000	0.000	0.000	0.000
sample40	F.septica	Leaf	Noon	0.000	0.000	0.000	0.000	0.000	0.000	0.000	0.000	0.000	0.000	0.000	0.000	0.000	0.000	0.000	0.000	0.000	0.000	0.000	0.000	0.000	0.000	0.000	0.000	0.000	0.000	0.000	0.000	0.000	100.000	0.000	0.000	0.000	0.000	0.000	0.000	0.000	0.000	0.000	0.000	0.000	0.000	0.000	0.000	0.000	0.000	0.000	0.000	0.000	0.000	0.000	0.000	0.000	0.000	0.000	0.000	0.000	0.000	0.000	0.000	0.000	0.000	0.000	0.000	0.000	0.000	0.000	0.000	0.000	0.000
