	Genotype	C1P	C2P	C3P	C4P	C5P	C6P	C7P	C9P	C10P	C11P	C12P	C13P	C14P	C15P	C16P	C17P	C18P	C19P	C20P	C21P	C22P	C24P	C25P	C26P	C27P	C28P	C29P	C30P	C31P	C32P	C33P	C34P	C36P	C39P	C40P	C41P	C42P	C43P	C44P	C45P
sample1	Gen1	56.797	3.912	54.86	2.053	4.221	32.6	8.68	6.728	28.179	13.287	274.243	22.579	0.517	21.981	38.461	0.838	6.154	7.126	1.527	35.413	0.239	0.572	1.027	0.366	0.319	4.329	2.066	0.796	0.582	0.1	2.632	0.351	14.035	3.06	0.722	1.316	4.164	0.048	0.007	5.298
sample2	Gen1	32.588	7.313	30.974	1.52	4.525	25.782	7.093	10.878	47.242	14.306	433.474	35.448	0.414	25.458	47.266	0.75	7.305	9.105	2.107	38.078	0.756	0.263	1.298	0.361	0.359	4.365	2.839	0.86	0.63	0.132	1.802	0.36	7.387	1.551	0.251	0.512	2.047	0.109	0.033	5.259
sample3	Gen1	26.829	5.671	27.194	0.891	4.793	23.053	8.218	9.952	35.365	13.026	299.167	33.263	1.292	25.267	37.909	0.856	5.743	7.615	2.213	37.018	0.645	0.288	1.649	0.525	0.367	3.845	1.928	0.933	0.737	0.239	2.073	0.332	13.433	3.08	0.373	0.679	2.369	0.098	0.03	4.28
sample4	Gen1	35.031	6.375	37.882	1.467	5.706	25.637	9.779	11.318	29.899	15.543	332.909	35.395	0.655	23.346	41.215	0.789	6.92	10.279	2.775	79.757	0.78	0.106	1.534	0.317	0.39	3.989	2.058	0.729	0.484	0.074	2.488	0.311	14.774	2.71	0.103	1.404	0.804	0.112	0.055	5.489
sample5	Gen1	28.852	5.588	29.15	0.827	5.064	14.728	8.447	10.021	31.511	11.494	323.663	31.593	0.53	24.72	39.843	0.78	5.588	8.527	2.188	42.884	0.484	0.238	1.408	0.32	0.421	3.781	1.785	0.615	0.547	0.097	3.317	0.415	24.959	4.318	0.293	1.047	1.741	0.192	0.075	5.116
sample6	Gen2	4.433	0.002	6.345	0.88	5.944	11.038	14.962	6.342	32.93	6.05	206.343	38.099	0.312	26.204	37.378	0.907	4.481	9.919	2.339	7.86	0.447	0	1.68	0.505	0.379	3.572	1.509	0.934	0.822	0.305	0	0.113	2.027	0.269	0.022	0.048	0.111	0.668	0.617	5.627
sample7	Gen2	22.664	2.971	24.466	2.955	3.448	12.858	12.612	4.494	29.537	5.514	251.11	30.631	0.728	29.141	46.908	0.592	5.974	12.69	2.052	8.562	0.468	0.102	1.397	0.452	0.379	3.257	1.394	0.941	0.618	0.183	0.458	0.092	5.678	0.806	0.116	0.075	0.587	0.409	0.359	5.32
sample8	Gen2	22.676	4.12	21.403	3.246	2.68	11.145	11.202	5.673	39.119	5.911	237.543	41.345	0.85	29.228	49.846	0.712	5.739	14.176	1.84	7.979	1.098	0.055	2.476	0.567	0.424	4.183	1.989	1.201	1.18	0.575	0.187	0.093	3.364	0.708	0.067	0.058	0.409	0.204	0.209	5.445
sample9	Gen2	18.126	2.965	20.484	1.924	4.072	10.294	14.964	4.074	28.136	4.926	170.104	30.928	0.712	25.192	39.126	0.668	4.787	9.521	1.486	6.979	0.607	0.074	1.493	0.399	0.328	3.254	1.258	0.867	0.725	0.16	0.18	0.09	3.604	0.518	0.07	0.092	0.491	0.4	0.335	5.566
sample10	Gen2	11.087	2.758	14.378	0.002	4.668	6.296	15.208	6.448	46.241	6.162	225.845	44.025	0.493	39.402	41.101	0.705	5.513	9.306	4.01	7.155	0.738	0.043	2.005	0.564	0.368	4.431	2.302	1.12	0.779	0.322	0.084	0	1.51	0.178	0.037	0.069	0.282	0.692	0.481	4.225
sample11	Gen3	17.346	3.661	21.004	0.801	4.132	20.346	14.709	11.993	37.857	8.016	306.478	6.155	0.579	30.919	43.166	0.732	6.353	10.88	1.573	17.924	0.12	0.05	0.893	0.919	0.347	5.536	4.298	1.651	1.056	1.303	8.213	1.852	64.171	6.574	0.038	0.41	0.38	0.196	0.038	5.018
sample12	Gen3	38.006	3.96	34.003	1.646	3.742	21.558	9.261	6.403	25.228	6.044	265.665	7.648	0.594	26.113	35.344	0.613	3.928	8.553	1.281	21.277	0.115	0.638	0.745	0.294	0.188	3.002	1.023	0.643	0.346	0.182	10.521	0.965	85.714	9.014	0.879	0.284	4.309	0.117	0	4.149
sample13	Gen3	24.562	4.258	28.228	1.384	4.034	15.209	8.036	8.832	31.479	6.527	356.546	9.138	0.791	31.524	44.725	0.572	4.221	11.549	1.939	14.806	0.277	0.346	1.165	0.673	0.369	3.918	1.835	1.278	0.725	1.357	8.591	0.773	67.698	6.139	0.344	0.294	1.986	0.159	0.091	4.361
sample14	Gen3	41.023	2.187	44.47	1.881	5.196	16.612	8.83	3.899	19.708	6.333	213.128	4.114	0.725	25.054	39.973	0.563	4.286	10.531	1.89	17.332	0.06	0.483	0.753	0.488	0.305	3.206	1.247	1.067	0.53	0.11	9.795	1.306	82.463	8.253	0.657	0.735	3.155	0.16	0.036	4.884
sample15	Gen3	30.73	3.648	35.508	1.491	5.137	18.81	11.865	7.131	29.743	8.05	300.439	6.704	0.85	32.11	46.592	0.647	4.845	11.033	2.303	17.887	0.11	0.694	1.029	0.56	0.352	3.677	1.382	1.169	0.558	0.378	7.553	1.149	78.736	7.65	0.759	0.782	3.689	0.204	0.045	3.753
