	Genotype	C1A	C3A	C4A	C5A	C6A	C7A	C8A	C9A	C10A	C11A	C12A	C13A	C14A	C15A	C16A	C17A	C18A	C19A	C20A	C21A	C23A	C24A	C25A	C26A	C27A	C28A	C29A	C30A	C31A	C32A	C33A	C34A	C35A	C36A	C37A	C38A	C39A	C40A	C41A	C42A	C43A	C44A	C45A
sample1	Gen1	17.142	12.572	1.44	1.743	42.941	9.718	0.401	2.354	14.017	5.941	51.837	4.406	1.397	9.729	16.896	1.093	3.419	6.418	6.242	89.926	0.025	0.298	1.878	0.587	0.23	6.607	3.514	2.163	1.049	0.73	1.695	0.282	0.565	12.335	0.094	0	3.378	0.379	4.866	2.299	3.797	4.24	1.466
sample2	Gen1	12.404	9.025	0.797	2.05	45.18	9.766	0.097	1.934	12.855	5.727	54.426	5.044	1.269	11.616	19.466	0.896	3.281	6.802	10.204	85.374	0.021	0.442	1.706	0.668	0.268	5.611	2.818	1.898	0.834	0.553	0.727	0.081	0.162	2.908	0.242	2.423	1.503	0.111	2.312	2.397	2.854	1.672	1.23
sample3	Gen1	14.362	10.422	0.001	2.059	47.731	10.475	0.366	2.353	16.614	6.019	57.85	6.211	1.355	10.642	19.342	1.146	3.345	6.745	10.946	78.514	0.04	0.317	2.316	0.764	0.308	6.27	3.03	2.053	1.35	0.837	3.041	0.422	0.591	11.993	0.253	10.895	7.057	0.259	3.32	1.988	2.73	2.108	1.308
sample4	Gen1	10.704	9.154	1.496	1.733	42.756	8.492	0.627	2.525	13.224	9.226	95.134	6.857	1.162	13.664	30.074	1.161	4.264	10.303	11.299	152.302	0.043	0.715	1.99	0.883	0.453	7.284	3.054	2.081	0.886	0.597	4.806	0.253	0.59	13.912	0.337	14.25	8.39	0.342	5.053	2.237	4.433	4.013	1.305
sample5	Gen1	10.38	9.513	1.233	3.161	45.135	9.395	0.609	3.091	16.169	10.429	88.465	7.129	1.317	17.256	32.955	1.259	4.496	10.155	11.163	136.206	0.022	0.701	2.656	1.086	0.502	7.608	3.183	2.282	1.259	0.751	5.268	0.334	0.585	22.826	0.334	22.074	10.815	0.39	4.524	2.322	5.167	4.47	1.273
sample6	Gen2	4.815	6.619	2.67	6.719	31.532	11.89	0.243	0.596	14.02	7.213	43.906	2.449	1.166	24	28.227	1.193	2.667	10.059	23.172	38.353	0.076	0.265	2.326	1.166	0.833	5.276	1.69	1.452	2.6	1.353	0	0	0	3.283	0.281	3.283	1.096	0.435	0.331	1.182	11.136	9.724	1.626
sample7	Gen2	8.436	9.277	1.772	3.084	29.396	13.131	0.14	1.087	9.865	4.834	38.602	1.538	1.079	12.473	20.411	0.61	2.106	8.362	19.285	57.765	0.088	0.355	1.265	0.4	0.493	3.3	1.199	1.088	0.854	0.479	0	0	0	3.514	0.27	3.514	1.099	0.492	1.003	2.075	6.953	7.308	1.528
sample8	Gen2	7.377	5.849	2.314	2.678	37.332	11.341	0.124	1.625	13.113	5.393	40.325	2.714	1.394	11.913	24.267	0.822	2.599	8.737	7.723	60.482	0.072	0.324	1.785	0.965	0.454	4.462	2.004	1.667	1.448	0.736	0	0	0	3.136	0.254	3.39	1.282	0.54	1.044	2.05	5.913	6.994	1.444
sample9	Gen2	6.665	6.416	2.287	3.889	37.093	13.708	0.173	1.109	10.848	5.398	32.338	1.884	1.028	14.22	24.389	0.748	2.309	7.502	9.689	47.861	0.035	0.253	1.648	1.292	0.508	4.31	1.88	1.584	1.529	0.618	0	0	0	3.784	0.27	3.874	1.329	0.49	0.906	1.772	8.885	8.342	1.52
sample10	Gen2	7.716	9.276	2.348	4.698	33.377	14.657	0.163	0.877	9.809	5.687	40.17	1.635	0.892	19.411	18.382	0.777	2.067	6.625	26.202	51.664	0.027	0.314	1.733	0.351	0.561	3.476	1.095	0.974	0.761	0.355	0	0	0	4.167	0.272	4.529	1.178	0.54	0.888	1.774	9.303	7.955	1.549
sample11	Gen3	10.793	12.173	0.001	2.713	54.991	13.351	0.191	1.502	9.358	6.165	50.683	2.89	0.896	17.533	29.183	0.613	2.553	8.522	11.499	50.226	0.03	0.308	1.396	0.807	0.272	3.104	0.661	0.576	0.361	0.144	10.43	0.911	1.656	49.586	0.083	0	8.468	0.423	1.963	1.453	5.826	5.316	1.348
sample12	Gen3	17.598	14.885	0.001	1.756	48.605	12.387	0.174	1.237	5.278	4.974	27.601	1.774	1.24	8.498	17.72	0.685	2.381	5.379	4.91	60.921	0.067	0.211	0.876	0.641	0.189	3.503	1.597	1.439	0.634	0.282	10.032	0.566	1.861	46.845	0.081	0	8.538	0.429	3.219	1.632	3.356	3.557	1.301
sample13	Gen3	12.569	12.474	0.002	2.201	51.384	13.052	0.269	1.091	6.835	5.661	42.961	2.767	0.925	14.847	29.692	0.686	2.522	7.845	6.668	65.143	0.021	0.315	1.272	0.618	0.263	3.326	1.095	1.077	0.456	0.246	11.85	0.771	2.023	51.252	0.096	0	9.166	0.407	2.434	1.462	4.337	4.2	1.511
sample14	Gen3	13.836	13.275	0.001	3.294	52.606	12.725	0.175	1.088	7.994	6.949	56.12	2.737	1.011	20.997	39.017	0.834	3.011	9.44	7.092	67.187	0.051	0.453	1.682	0.831	0.311	3.705	1.013	1.084	0.415	0.168	12.139	0.674	2.023	57.996	0.096	0	10.835	0.455	2.85	1.671	4.768	4.581	1.486
sample15	Gen3	12.613	11.919	0.001	2.676	48.772	11.944	0.305	1.391	7.352	6.158	46.471	2.761	1.012	16.102	30.074	0.949	3.027	8.247	6.333	65.465	0.035	0.326	1.683	0.716	0.291	3.983	1.425	1.49	0.616	0.281	11.307	0.795	2.385	69.258	0.088	0	13.1	0.5	3.28	1.53	4.516	4.432	1.378
